strategic_region = {
	id = 1
	name = "STRATEGICREGION_1"

	provinces = {
		10 12 41 107 124 137 149 213 267 340 384 450 451 460 541 568 607 646 687 719 732 778 798 810 811 813 823 837 856 892 913 954 1050 1073 1125 1178 1199 1236 1298 1299 1300 1308 1369 1414 1516 1540 1614 1642 1655 1658 1670 1697 1731 1742 1775 1789 1790 1807 1815 1825 1834 1841 1856 1857 1874 1878 1900 1952 2035 2043 2145 2160 2166 2185 2189 2197 2207 2305 2322 2328 2335 2392 2397 2409 2426 2443 2448 2457 2489 2505 2519 2526 2602 2691 2714 2750 2784 2788 2824 2848 2857 2882 2903 2945 2959 2985 2990 2996 3019 3029 3074 3178 3206 3219 3339 3354 3372 3458 3461 3471 3493 3502 3504 3599 3606 3622 3648 3664 3689 3698 3705 3750 3757 3787 3835 3866 3886 3888 3896 3898 3899 3903 3904 3910 3911 3914 3915 3917 3920 3923 3924 3928 3930 3931 3935 3940 3941 3943 3944 3946 3948 3951 3955 3957 3964 3965 3973 3975 3978 3984 3991 3992 3996 3998 4003 4004 4014 4015 4024 4030 4039 4050 4054 4072 4077 4078 
	}

	weather = {
	}
}
