
strategic_region={
	id=10
	name="STRATEGICREGION_10"
	provinces={
		86 100 167 168 175 187 293 300 301 306 321 361 370 436 470 521 546 658 680 704 721 885 918 928 973 1124 1159 1161 1206 1216 1222 1278 1302 1315 1320 1345 1391 1462 1486 1546 1570 1577 1583 1606 1649 1680 1695 1701 1719 1816 1850 1871 1945 2046 2047 2048 2058 2077 2099 2129 2130 2143 2180 2228 2296 2321 2378 2434 2472 2474 2570 2708 2766 2921 3039 3136 3223 3262 3288 3383 3388 3449 3450 3560 3576 3616 3739 3806 3807 3970 4006 4010 4063 4074 4080 4133 4135 4142 4152 4164 4173 4183 4189 4206 4214 4222 4224 4226 4237 4239 4243 4257 4261 4266 4274 4285 4304 4324 
	}
	weather={
	}
}
