
strategic_region={
	id=11
	name="STRATEGICREGION_11"
	provinces={
		44 233 241 256 259 276 284 285 320 358 387 432 543 584 632 636 662 795 840 879 896 905 923 947 1024 1054 1076 1115 1188 1213 1436 1438 1473 1513 1619 1691 1753 1833 1921 2024 2053 2092 2155 2202 2204 2227 2302 2314 2479 2500 2508 2512 2554 2561 2628 2684 2770 2790 2794 2898 2906 3070 3116 3268 3292 3367 3427 3432 3441 3473 3476 3495 3526 3534 3579 3680 3719 3776 3822 4228 4265 4301 4305 4306 4308 4325 4345 4356 4358 4363 4367 4381 4384 4386 4394 4401 4402 4408 4416 4422 4424 4440 4485 4491 4497 4537 4538 
	}
	weather={
	}
}
