strategic_region = {
	id = 12
	name = "STRATEGICREGION_12"

	provinces = {
		37 55 84 87 125 140 247 298 326 389 399 440 468 633 639 676 708 785 868 940 977 1084 1086 1113 1136 1137 1149 1156 1168 1195 1211 1237 1253 1265 1284 1408 1423 1445 1471 1472 1499 1511 1544 1551 1552 1563 1581 1587 1624 1646 1675 1708 1724 1808 1823 1917 1979 1982 2042 2233 2254 2319 2354 2371 2395 2433 2473 2478 2485 2535 2566 2608 2619 2634 2673 2687 2753 2759 2760 2772 2781 2865 2881 2926 3053 3158 3181 3183 3185 3207 3241 3244 3310 3312 3331 3391 3434 3435 3437 3480 3488 3510 3569 3570 3584 3607 3612 3625 3635 3636 3722 3769 3801 3885 4372 4399 4406 4410 4419 4435 4439 4446 4447 4455 4465 4489 4490 4494 4510 4514 4524 4530 4541 4544 4565 4566 4590 4598 4616 4654 
	}

	weather = {
	}
}
