strategic_region = {
	id = 13
	name = "STRATEGICREGION_13"

	provinces = {
		34 72 349 371 710 768 774 779 788 821 825 869 917 929 951 1020 1091 1165 1257 1279 1321 1327 1341 1392 1407 1455 1490 1612 1617 1702 1722 1854 1861 1867 1915 1932 1934 1971 1993 2008 2102 2111 2240 2252 2291 2348 2649 2685 2778 2800 2852 2976 3024 3051 3052 3087 3171 3250 3264 3294 3304 3330 3384 3412 3443 3589 3608 3687 3702 3714 3763 3856 4478 4528 4533 4549 4550 4569 4570 4572 4578 4595 4601 4607 4615 4619 4620 4626 4630 4631 4635 4636 4638 4644 4645 4649 4650 4651 4653 4664 4667 4671 4674 4676 4680 4685 4688 4689 4696 4707 4723 4727 4737 4747 
	}

	weather = {
	}
}
