strategic_region = {
	id = 14
	name = "STRATEGICREGION_14"

	provinces = {
		4 26 59 63 131 197 219 252 257 263 324 353 473 476 500 532 552 672 734 845 934 939 1043 1093 1179 1181 1316 1366 1395 1422 1446 1460 1514 1590 1700 1786 1835 1914 1960 2019 2135 2170 2178 2210 2245 2247 2257 2279 2310 2350 2382 2398 2450 2587 2605 2631 2633 2769 2817 2850 2964 3044 3061 3104 3242 3317 3333 3382 3408 3529 3543 3646 3849 3864 4627 4632 4642 4647 4662 4666 4678 4679 4701 4702 4703 4709 4711 4714 4717 4719 4724 4728 4734 4738 4745 4756 4757 4773 4784 4786 4791 
	}

	weather = {
	}
}
