
strategic_region={
	id=15
	name="STRATEGICREGION_15"
	provinces={
		24 184 193 211 388 457 461 491 520 540 556 707 743 820 894 938 941 1103 1111 1166 1217 1248 1412 1450 1464 1493 1556 1566 1575 1593 1602 1640 1713 1718 1730 1837 1842 1846 1904 1905 1926 1938 1954 1957 1959 2005 2023 2051 2104 2167 2168 2213 2239 2242 2423 2436 2464 2487 2499 2515 2531 2559 2593 2626 2632 2660 2661 2688 2709 2735 2789 2815 2896 2981 3027 3069 3137 3156 3231 3281 3290 3297 3365 3451 3464 3469 3553 3676 3729 3879 3884 4755 4760 4782 4798 4801 4820 4824 4832 4835 4845 4852 4863 4865 4869 4877 4884 4911 4918 4921 4938 4946 4948 4950 4957 4965 4966 4981 4982 4984 5018 
	}
	weather={
	}
}
