
strategic_region={
	id=16
	name="STRATEGICREGION_16"
	provinces={
		7 38 64 74 156 163 181 212 225 236 242 329 333 365 403 499 544 664 681 709 760 762 846 864 933 961 985 999 1012 1037 1333 1342 1356 1364 1372 1404 1419 1429 1456 1571 1589 1681 1687 1729 1849 1929 1936 1969 1997 2153 2195 2232 2277 2309 2418 2446 2454 2488 2494 2571 2583 2618 2621 2623 2653 2662 2701 2705 2736 2740 2745 2754 2808 2821 2842 2854 2861 2863 2904 3049 3144 3188 3215 3221 3270 3368 3397 3433 3472 3499 3546 3574 3604 3610 3657 3741 3760 3774 3786 3804 3813 3827 3831 3868 4362 4376 4385 4387 4413 4420 4421 4432 4433 4434 4444 4464 4469 4475 4483 4511 4513 4518 4519 4525 4532 4545 4553 4555 4557 4560 4567 4571 4573 4574 4576 4585 4586 4589 4602 4605 4613 
	}
	weather={
	}
}
