strategic_region = {
	id = 17
	name = "STRATEGICREGION_17"

	provinces = {
		17 70 143 146 151 155 158 183 190 249 265 288 316 335 346 356 368 376 379 396 406 429 454 488 524 605 656 657 686 701 753 759 841 935 969 1038 1056 1079 1092 1152 1160 1163 1303 1329 1360 1388 1394 1424 1432 1439 1479 1545 1553 1705 1743 1763 1851 1865 1883 1935 1975 1976 2022 2056 2063 2088 2119 2136 2263 2271 2342 2490 2492 2518 2550 2580 2584 2600 2611 2615 2646 2710 2717 2795 2818 2827 2873 2925 2937 2954 2972 2999 3005 3016 3028 3057 3086 3142 3193 3246 3257 3342 3346 3359 3377 3486 3531 3541 3641 3643 3665 3675 3679 3717 3766 3802 3812 3844 3870 4582 4596 4611 4621 4633 4640 4656 4663 4673 4677 4681 4686 4690 4705 4710 4721 4722 4729 4730 4736 4746 4751 4752 4761 4764 4768 4777 4778 4780 4790 4793 4802 4810 4814 4837 4841 4856 4858 4873 4874 4878 4890 4901 
	}

	weather = {
	}
}
