
strategic_region={
	id=18
	name="STRATEGICREGION_18"
	provinces={
		23 122 132 152 164 203 228 318 336 374 481 509 519 601 666 669 674 703 705 720 916 978 995 998 1005 1007 1044 1110 1171 1176 1182 1189 1223 1254 1268 1282 1367 1444 1470 1491 1534 1634 1636 1638 1674 1676 1677 1683 1693 1694 1698 1716 1795 1804 1814 1824 1859 1909 1912 1956 1974 1983 2016 2061 2062 2072 2101 2108 2165 2226 2352 2357 2403 2462 2486 2491 2503 2511 2529 2530 2544 2563 2603 2616 2798 2910 2922 2947 2977 2997 3047 3058 3081 3100 3125 3132 3150 3160 3306 3318 3401 3459 3467 3491 3506 3548 3549 3568 3571 3592 3749 3771 3820 3830 3873 4594 4637 4641 4655 4657 4660 4668 4683 4692 4697 4698 4708 4715 4720 4732 4735 4744 4753 4759 4767 4770 4776 4794 4807 4808 4819 4827 4855 4857 4866 4871 4885 4886 4893 4895 
	}
	weather={
	}
}
