
strategic_region={
	id=19
	name="STRATEGICREGION_19"
	provinces={
		5 15 31 33 62 120 185 186 191 206 210 243 244 304 377 401 408 516 529 554 570 599 611 619 683 714 717 754 777 786 838 887 919 1001 1047 1066 1097 1122 1164 1197 1233 1241 1336 1376 1393 1401 1613 1768 1797 1799 1809 1876 1891 1892 1901 1922 1927 2001 2037 2052 2065 2078 2100 2110 2114 2115 2183 2184 2196 2219 2253 2275 2292 2308 2337 2425 2552 2614 2667 2668 2718 2752 2849 2851 2875 2916 2920 2940 2950 2989 3035 3097 3098 3135 3145 3149 3173 3184 3205 3211 3212 3226 3316 3319 3329 3347 3353 3375 3395 3400 3436 3452 3457 3462 3465 3501 3539 3554 3590 3595 3600 3605 3614 3659 3710 3737 3817 3818 3865 3875 4739 4748 4762 4789 4792 4826 4830 4834 4839 4854 4862 4864 4872 4887 4899 4902 4912 4914 4929 4947 4959 4969 4978 4991 4995 4999 5003 5017 5019 5020 5021 5023 5027 5037 5038 5040 5056 5064 5066 5085 5098 
	}
	weather={
	}
}
