strategic_region = {
	id = 2
	name = "STRATEGICREGION_2"

	provinces = {
		32 139 147 171 218 234 299 305 327 341 375 426 485 487 498 526 563 746 783 794 831 901 963 990 1055 1057 1194 1212 1270 1322 1335 1343 1365 1457 1503 1507 1616 1626 1629 1639 1644 1672 1869 1885 1897 1995 1996 2007 2085 2123 2125 2132 2262 2266 2294 2361 2555 2651 2659 2730 2826 2949 2998 3048 3054 3094 3103 3139 3200 3263 3271 3328 3374 3390 3403 3446 3455 3572 3677 3721 3781 3784 3871 3900 3921 3922 3925 3934 3937 3938 3942 3945 3952 3961 3994 3999 4009 4016 4033 4034 4038 4051 4056 
	}

	weather = {
	}
}
