
strategic_region={
	id=20
	name="STRATEGICREGION_20"
	provinces={
		36 45 117 157 162 220 240 251 286 294 308 313 325 344 423 518 558 583 650 651 767 789 857 860 865 908 968 1010 1053 1060 1067 1081 1098 1101 1108 1117 1132 1167 1174 1177 1192 1214 1234 1442 1469 1483 1492 1539 1543 1586 1600 1645 1728 1785 1800 1803 1812 1829 1879 1888 1907 1920 1970 1980 2027 2034 2045 2069 2070 2075 2171 2194 2231 2267 2373 2377 2406 2413 2444 2495 2520 2539 2567 2568 2588 2636 2707 2731 2830 2836 2844 2859 2864 2883 3031 3062 3112 3153 3165 3190 3199 3305 3320 3348 3358 3363 3414 3563 3603 3655 3699 3744 3748 3767 3789 3791 3797 3810 3823 3840 3859 4787 4797 4816 4836 4850 4851 4861 4880 4892 4896 4903 4905 4906 4907 4910 4915 4919 4927 4928 4932 4937 4939 4940 4943 4945 4953 4958 4964 4967 4970 4971 4979 4987 4989 5004 5010 5024 5028 5042 5043 5046 5054 5055 5075 5099 5109 5123 5127 
	}
	weather={
	}
}
