
strategic_region={
	id=22
	name="STRATEGICREGION_22"
	provinces={
		21 81 118 322 455 458 465 472 511 604 622 671 693 802 805 932 1133 1235 1417 1476 1488 1521 1529 1530 1596 1653 1665 1735 1770 1882 2044 2230 2268 2301 2343 2364 2471 2514 2542 2557 2699 2716 2722 2746 2809 2834 2885 2905 2943 2948 2986 3073 3155 3234 3235 3296 3299 3303 3314 3351 3387 3429 3439 3565 3619 3651 3832 3855 3863 4812 4821 4840 4849 4860 4882 4900 4909 4913 4920 4922 4923 4925 4933 4941 4944 4954 4955 4974 4977 5012 5026 
	}
	weather={
	}
}
