strategic_region = {
	id = 25
	name = "STRATEGICREGION_25"

	provinces = {
		30 46 166 207 237 246 250 255 289 372 378 383 400 456 480 492 494 506 523 572 595 613 675 763 771 907 957 962 970 1032 1130 1140 1229 1232 1246 1252 1314 1354 1374 1461 1477 1557 1585 1588 1621 1622 1750 1751 1752 1759 1794 1911 1933 1947 1989 2039 2041 2066 2127 2128 2176 2209 2214 2289 2355 2362 2437 2441 2522 2547 2548 2577 2647 2702 2782 2843 2845 2899 2914 3008 3014 3043 3045 3079 3082 3090 3102 3166 3366 3396 3420 3475 3481 3503 3556 3639 3645 3753 3811 3824 3841 3850 5103 5122 5129 5136 5144 5146 5154 5155 5157 5161 5163 5166 5172 5176 5177 5178 5181 5186 5190 5195 5196 5198 5209 5210 5211 5214 5215 5220 5221 
	}

	weather = {
	}
}
