strategic_region = {
	id = 26
	name = "STRATEGICREGION_26"

	provinces = {
		9 57 75 126 172 253 271 277 295 296 319 367 382 435 489 562 625 626 637 670 691 697 715 750 806 888 912 1009 1064 1090 1121 1151 1155 1169 1277 1296 1346 1409 1418 1425 1508 1522 1579 1597 1664 1669 1711 1737 1761 1764 1771 1838 1840 1899 1946 1951 2191 2205 2367 2381 2415 2429 2461 2562 2610 2690 2739 2819 2886 2892 2923 2936 2970 3120 3121 3151 3210 3243 3266 3356 3426 3468 3485 3521 3550 3712 3816 3826 3829 5032 5036 5050 5062 5086 5091 5094 5111 5113 5116 5119 5125 5126 5128 5135 5141 5152 5153 5156 5165 5171 5179 5197 5203 5207 5219 
	}

	weather = {
	}
}
