
strategic_region={
	id=27
	name="STRATEGICREGION_27"
	provinces={
		61 80 102 103 154 216 226 264 339 342 425 438 441 448 508 531 609 649 699 706 712 736 816 824 911 931 966 1018 1036 1085 1088 1134 1207 1312 1403 1440 1443 1485 1518 1527 1533 1578 1609 1678 1740 1747 1760 1779 1821 1843 1872 1887 1949 1958 1981 2106 2112 2121 2131 2140 2173 2237 2246 2270 2288 2306 2336 2410 2496 2502 2546 2670 2858 2917 2931 2962 2978 3040 3065 3110 3179 3289 3322 3334 3409 3425 3575 3609 3627 3649 3650 3663 3755 3773 3785 3814 4917 4961 4963 4976 4980 4983 4986 4990 4994 4998 5000 5002 5008 5011 5014 5016 5034 5039 5041 5047 5049 5052 5053 5059 5074 5077 5082 5093 5106 5121 5140 5164 
	}
	weather={
	}
}
