strategic_region = {
	id = 28
	name = "STRATEGICREGION_28"

	provinces = {
		106 150 194 209 231 239 269 407 433 505 510 547 561 616 629 630 655 660 661 665 679 685 692 769 790 793 817 819 828 832 909 924 942 994 1031 1058 1059 1128 1183 1201 1249 1292 1347 1349 1399 1402 1480 1487 1564 1741 1744 1777 1783 1805 1884 2026 2098 2126 2182 2216 2260 2281 2285 2316 2365 2456 2481 2573 2597 2683 2726 2729 2762 2783 2802 2897 2915 3083 3157 3159 3204 3240 3259 3277 3309 3336 3337 3340 3421 3482 3484 3536 3583 3647 3691 3727 3808 3828 3852 3857 4687 4700 4704 4716 4731 4741 4743 4750 4763 4765 4766 4771 4774 4775 4781 4783 4788 4795 4796 4799 4800 4803 4804 4809 4811 4813 4823 4825 4838 4844 4847 4853 4868 4889 4898 
	}

	weather = {
	}
}
