strategic_region = {
	id = 29
	name = "STRATEGICREGION_29"

	provinces = {
		28 136 198 230 290 437 474 596 597 627 694 755 803 833 855 899 904 956 1029 1034 1106 1150 1185 1191 1261 1272 1524 1560 1598 1657 1772 1811 1886 1896 2141 2162 2164 2175 2229 2349 2428 2493 2564 2630 2635 2676 2785 2840 2884 2928 2941 2984 3001 3267 3273 3307 3324 3573 3640 3660 3692 3854 3861 4806 4818 4831 4833 4843 4870 4879 4881 4891 4894 4916 4926 4931 4936 4949 4956 4962 5022 5045 5060 5065 5071 5101 
	}

	weather = {
	}
}
