strategic_region = {
	id = 33
	name = "STRATEGICREGION_33"

	provinces = {
		109 145 224 245 359 386 534 713 726 742 770 776 801 862 875 945 964 984 988 1083 1135 1202 1238 1285 1295 1310 1398 1413 1509 1532 1568 1748 1754 1782 1908 1961 2079 2090 2199 2225 2269 2282 2283 2304 2307 2315 2346 2556 2751 2773 2870 2963 2969 3078 3085 3105 3214 3253 3301 3311 3380 3381 3389 3393 3445 3497 3516 3535 3542 3564 3631 3723 3736 3800 3825 3846 4968 4988 4992 4996 5005 5009 5013 5025 5029 5035 5044 5057 5069 5076 5080 5087 5090 5092 5096 5100 5107 5108 5117 5137 5142 5143 5158 5159 
	}

	weather = {
	}
}
