strategic_region = {
	id = 36
	name = "STRATEGICREGION_36"

	provinces = {
		66 108 161 169 179 189 192 297 348 477 514 538 623 678 843 878 943 949 958 971 976 1003 1014 1074 1082 1116 1219 1220 1283 1288 1317 1411 1448 1451 1463 1501 1618 1637 1659 1666 1671 1755 1757 1762 1791 1801 1819 1965 2013 2049 2057 2064 2105 2174 2208 2278 2331 2375 2376 2383 2399 2463 2523 2578 2624 2625 2823 2833 2929 2935 2965 2971 2988 3060 3064 3084 3133 3164 3180 3189 3191 3202 3245 3248 3285 3520 3530 3532 3540 3561 3613 3628 3667 3678 3690 3731 3752 3768 3793 3843 4470 4492 4505 4535 4536 4540 4542 4543 4546 4547 4554 4564 4575 4577 4583 4587 4592 4593 4603 4604 4609 4610 4612 4622 4628 4629 4634 4643 4646 4648 4652 4659 4669 4670 4675 4682 4684 4694 4695 4699 4706 4713 4726 4733 
	}

	weather = {
	}
}
