
strategic_region={
	id=37
	name="STRATEGICREGION_37"
	provinces={
		11 77 85 222 258 268 283 317 418 428 644 716 751 822 950 1027 1158 1209 1243 1250 1340 1351 1379 1387 1481 1582 1650 1696 1712 1720 1749 1765 1810 1818 1910 1924 2006 2012 2036 2133 2188 2258 2261 2264 2273 2353 2388 2394 2416 2438 2468 2532 2643 2645 2681 2918 2987 3003 3063 3131 3152 3230 3258 3313 3357 3385 3399 3402 3411 3423 3507 3557 3587 3621 3623 3713 3794 4310 4314 4329 4378 4379 4388 4389 4404 4407 4409 4430 4437 4442 4445 4448 4453 4454 4459 4461 4466 4474 4486 4487 4495 4502 4503 4504 4506 4509 4515 4516 4531 
	}
	weather={
	}
}
