strategic_region = {
	id = 38
	name = "STRATEGICREGION_38"

	provinces = {
		51 94 128 177 449 545 574 577 727 836 847 848 870 986 1063 1162 1204 1208 1368 1381 1385 1396 1405 1454 1489 1548 1573 1679 1727 1778 1822 1877 1880 1968 2000 2094 2103 2172 2222 2303 2317 2387 2422 2459 2469 2565 2574 2609 2638 2678 2704 2732 2764 2777 2791 2891 3011 3012 3032 3050 3068 3092 3107 3148 3194 3213 3218 3325 3424 3430 3517 3523 3581 3638 3685 3803 3878 4414 4415 4418 4425 4428 4450 4467 4468 4479 4480 4493 4500 4508 4526 4548 4559 4563 4581 4584 4600 4608 4618 4624 4625 
	}

	weather = {
	}
}
