
strategic_region={
	id=39
	name="STRATEGICREGION_39"
	provinces={
		20 43 50 68 173 262 360 405 410 424 453 482 533 576 729 745 752 764 765 772 804 812 895 948 1011 1039 1077 1089 1129 1242 1267 1290 1363 1389 1435 1467 1537 1558 1595 1599 1608 1647 1651 1706 1707 1732 1758 1845 1853 1964 1967 1977 2010 2147 2198 2255 2276 2341 2510 2558 2599 2629 2658 2696 2697 2774 2797 2801 2838 2839 2900 2924 2933 2992 3006 3066 3080 3118 3201 3225 3249 3323 3338 3370 3505 3515 3527 3578 3630 3637 3666 3669 3681 3779 3834 3853 3883 4071 4075 4081 4082 4085 4100 4105 4117 4127 4139 4144 4157 4161 4166 4168 4169 4172 4176 4185 4186 4199 4202 4204 4205 4209 4246 4252 4260 4267 4270 4271 4273 4275 4300 
	}
	weather={
	}
}
