
strategic_region={
	id=4
	name="STRATEGICREGION_4"
	provinces={
		71 88 127 174 208 274 311 314 373 390 419 502 504 527 555 621 818 867 1087 1139 1263 1293 1337 1420 1441 1494 1496 1541 1562 1684 1792 1848 1875 1894 1919 1944 1978 1994 2032 2068 2086 2200 2217 2290 2334 2386 2435 2507 2540 2585 2622 2728 2775 2814 2841 2868 2895 2939 2966 3072 3091 3096 3236 3283 3293 3302 3410 3602 3670 3671 3673 3707 3734 3738 3809 3874 4366 4373 4391 4400 4403 4405 4411 4417 4423 4427 4429 4431 4436 4460 4463 4472 4473 4481 4488 4498 4499 4507 4517 4520 4521 4522 4523 4527 4534 4539 4558 4561 4591 4597 4606 
	}
	weather={
	}
}
