
strategic_region={
	id=40
	name="STRATEGICREGION_40"
	provinces={
		96 121 160 180 223 347 385 553 587 590 614 635 648 839 926 952 989 1147 1172 1198 1255 1271 1319 1328 1373 1382 1383 1554 1663 1682 1723 1745 1774 1787 1852 1863 1881 1973 2003 2054 2097 2137 2156 2157 2241 2280 2330 2351 2453 2475 2582 2627 2640 2654 2725 2767 2806 2974 3176 3177 3286 3321 3431 3442 3682 3756 3795 3821 3842 3848 4223 4236 4238 4280 4281 4286 4293 4294 4302 4323 4330 4333 4334 4336 4343 4370 4374 4375 4380 4390 4398 4412 
	}
	weather={
	}
}
