
strategic_region={
	id=41
	name="STRATEGICREGION_41"
	provinces={
		2 83 105 112 129 188 227 248 282 402 413 462 497 548 550 559 591 647 858 874 1035 1112 1280 1318 1378 1390 1434 1517 1528 1538 1623 1648 1661 1688 1802 1972 2028 2074 2076 2096 2256 2259 2338 2368 2401 2408 2452 2541 2666 2805 2828 2909 2919 2932 2951 3000 3002 3009 3042 3111 3174 3198 3247 3269 3279 3343 3416 3453 3500 3509 3511 3700 3740 3778 3798 3847 3869 4220 4234 4255 4263 4276 4287 4289 4299 4309 4319 4321 4322 4331 4340 4347 4348 4355 4361 4365 4369 4371 4392 4393 4443 4451 4482 
	}
	weather={
	}
}
