
strategic_region={
	id=43
	name="STRATEGICREGION_43"
	provinces={
		22 39 49 104 217 260 266 354 357 369 439 466 467 512 522 536 537 564 580 588 608 645 698 758 787 854 859 974 991 993 1025 1070 1119 1274 1334 1386 1498 1515 1555 1630 1685 1721 1736 1781 1813 1918 1991 1998 2082 2089 2107 2116 2117 2235 2297 2326 2339 2427 2524 2538 2648 2655 2665 2741 2748 2796 3037 3038 3046 3093 3192 3222 3260 3276 3355 3398 3413 3444 3487 3492 3551 3672 3696 3704 3724 3754 3765 3796 3906 3908 3916 3919 3929 3949 3967 3974 3977 3981 3985 3986 3995 3997 4012 4021 4028 4029 4032 4036 4042 4044 4045 4049 4055 4057 4061 4064 4083 4090 4101 4106 4112 4131 4145 4150 4159 
	}
	weather={
	}
}
