
strategic_region={
	id=48
	name="STRATEGICREGION_48"
	provinces={
		93 101 202 221 292 315 351 479 496 503 507 530 566 575 581 756 791 842 871 872 876 881 930 972 1030 1033 1071 1094 1123 1225 1230 1244 1287 1297 1309 1326 1416 1431 1497 1510 1535 1610 1667 1692 1806 1817 1828 1855 1902 1937 2122 2146 2148 2203 2212 2244 2251 2374 2412 2430 2465 2484 2549 2672 2700 2825 2855 2862 2934 2953 3022 3095 3119 3141 3172 3224 3335 3419 3440 3586 3683 3770 3851 3881 3887 3889 3890 3891 3892 3893 3894 3895 3897 3901 3902 3905 3907 3909 3912 3913 3918 3926 3927 3932 3933 3947 3950 3953 3962 3963 3972 3982 3987 4000 4001 4002 4022 
	}
	weather={
	}
}
