
strategic_region={
	id=50
	name="STRATEGICREGION_50"
	provinces={
		29 35 65 278 334 381 414 430 447 475 515 535 542 557 573 682 784 834 850 890 1008 1015 1016 1210 1428 1447 1523 1525 1601 1611 1673 1746 1860 1890 1916 1941 1955 2002 2073 2138 2192 2220 2284 2431 2449 2551 2663 2738 2876 2890 2942 2968 2979 3067 3162 3182 3203 3352 3378 3525 3591 3624 3662 3958 3976 3979 3983 3993 4007 4011 4017 4023 4027 4040 4046 4048 4058 4059 4066 4091 4096 4097 4098 4109 4110 4113 4114 4119 4123 4129 4154 4158 4192 
	}
	weather={
	}
}
