
strategic_region={
	id=52
	name="STRATEGICREGION_52"
	provinces={
		5230 5231 5232 5233 5234 5235 5236 5237 5238 5239 5240 5241 5259 5260 5261 5262 5263 5264 5266 5267 5268 5269 5270 5271 5279 5280 5283 5284 5285 5290 5291 5293 5295 5296 5297 5298 5302 5304 5305 5307 5309 5313 5316 5317 5318 5319 5320 5322 5323 5325 5326 5327 5329 5330 5331 5334 5338 5339 5342 5343 5345 5346 5348 5349 5350 5351 5354 5355 5356 5357 5359 5360 5363 5365 5366 5368 5369 5370 5374 5376 5377 5379 5382 5384 5386 5387 5388 5389 5390 5392 5394 5397 5398 5400 5404 5405 5407 5410 5412 5413 5414 5415 5416 5417 5418 5423 5426 5427 5431 5432 5433 5436 5437 5440 5441 5442 5443 5445 5449 5451 5452 5453 5456 5460 5462 5463 5466 5468 5472 5474 5476 5477 5479 5482 5487 5489 5491 5492 5494 5495 5496 5498 5499 5500 5501 5502 5504 5506 5509 5512 5514 5515 5516 5517 5519 5520 5521 5524 5525 5526 5528 5529 5533 5534 5538 5539 5540 5542 5544 5545 5548 5549 5553 5554 5556 5557 5558 5559 5560 5561 5563 5568 5569 5573 5578 5579 5583 5584 5588 5589 5590 5594 5595 5596 5597 5598 5602 5604 5605 5610 5611 5612
	}
	weather={
	}
}
