strategic_region = {
	id = 6
	name = "STRATEGICREGION_6"

	provinces = {
		16 114 291 366 427 484 579 617 654 725 737 766 944 975 980 983 1078 1118 1144 1218 1273 1286 1406 1505 1580 1656 1710 1725 1738 1769 1780 1830 1858 1986 2021 2030 2055 2095 2124 2144 2187 2265 2300 2311 2400 2420 2534 2607 2737 2756 2792 2829 2880 2957 3175 3265 3274 3291 3315 3361 3371 3479 3518 3618 3726 3733 3772 3788 3799 3833 3860 3867 4108 4116 4121 4125 4134 4141 4167 4182 4198 4203 4218 4219 4233 4240 4249 4251 4264 4272 4277 4278 4290 4297 4303 4315 
	}

	weather = {
	}
}
