strategic_region = {
	id = 7
	name = "STRATEGICREGION_7"

	provinces = {
		8 19 159 201 215 275 309 312 363 393 490 593 594 598 602 618 642 724 782 830 937 981 1000 1042 1048 1062 1148 1231 1245 1247 1256 1262 1311 1331 1344 1355 1370 1415 1430 1474 1536 1549 1565 1627 1793 1796 1868 1906 1913 1953 2020 2158 2287 2298 2313 2325 2356 2407 2421 2432 2466 2543 2553 2594 2637 2641 2644 2652 2689 2724 2749 2765 2786 2793 2832 2847 2958 2960 3013 3026 3033 3036 3055 3099 3114 3154 3163 3238 3326 3344 3386 3417 3422 3463 3508 3567 3632 3642 3644 3693 3711 3743 3780 3782 3792 4018 4037 4043 4067 4068 4086 4087 4092 4093 4103 4111 4143 4151 4163 4165 4170 4175 4179 4184 4190 4191 4208 4212 4213 4215 4227 4232 4244 4245 4268 4279 4283 4295 4311 
	}

	weather = {
	}
}
