strategic_region = {
	id = 8
	name = "STRATEGICREGION_8"

	provinces = {
		92 119 133 229 279 323 417 525 610 634 677 728 733 797 866 883 920 955 959 1065 1095 1099 1100 1102 1109 1120 1184 1221 1224 1227 1264 1313 1359 1362 1371 1458 1561 1567 1591 1652 1660 1689 1690 1699 1709 1766 1788 1893 1966 2025 2031 2071 2091 2149 2154 2190 2238 2323 2359 2379 2380 2390 2402 2411 2442 2470 2476 2528 2581 2650 2657 2692 2694 2698 2711 2715 2727 2744 2755 2761 2853 2879 2893 2901 2930 2956 2975 3021 3129 3140 3143 3147 3209 3217 3272 3327 3364 3428 3483 3528 3545 3547 3555 3558 3585 3601 3617 3656 3661 3688 3758 3805 3836 3839 3877 4060 4070 4079 4088 4089 4115 4128 4140 4174 4180 4197 4201 4211 4217 4235 4248 4256 4258 4262 4288 4291 4307 4313 4316 4320 4335 4337 4338 4342 4344 4349 4350 4352 4377 4382 4397 4456 
	}

	weather = {
	}
}
