strategic_region = {
	id = 9
	name = "STRATEGICREGION_9"

	provinces = {
		89 130 199 235 362 398 404 415 420 431 442 444 469 471 495 560 582 600 615 631 652 667 689 722 748 761 780 792 835 851 861 863 880 886 900 936 967 1002 1021 1028 1096 1107 1173 1187 1228 1269 1338 1348 1357 1361 1384 1410 1426 1437 1449 1453 1459 1465 1495 1506 1569 1574 1603 1620 1625 1628 1632 1734 1827 1847 1862 1870 1950 1984 2018 2059 2081 2084 2087 2152 2211 2221 2223 2250 2293 2320 2393 2417 2424 2460 2513 2521 2572 2579 2595 2604 2617 2712 2723 2757 2768 2779 2799 2807 2867 2888 2908 2912 2973 2980 2991 2994 3020 3041 3077 3088 3108 3109 3113 3124 3161 3187 3197 3220 3228 3239 3252 3280 3287 3369 3373 3418 3490 3594 3620 3653 3694 3715 3730 3742 3747 3775 3872 3876 4292 4318 4328 4339 4341 4353 4357 4360 4364 4383 4395 4396 4426 4438 4441 4449 4452 4457 4458 4462 4471 4476 4477 4484 4496 4501 4512 4529 4551 4552 4556 4562 4568 4579 4580 4588 4599 4617 4639 4665 4672 
	}

	weather = {
	}
}
