1 3 4545 4527 3834 
1 4 3834 3835 5296 5298 
1 4 5298 5293 5301 3902 
1 3 3902 4819 4166 
1 5 4545 4778 4773 4777 4774 
1 5 3834 3833 3842 5227 4795 
1 6 4166 4153 4169 4154 4167 3753 
1 3 4774 3520 3524 
1 5 3524 3521 3522 4675 4666 
1 3 4166 4824 4817 
1 7 4774 4777 4771 4776 5385 5397 5392 
1 3 4666 3528 5631 
1 6 3902 3901 3904 5340 4417 3511 
1 5 5392 5386 4397 4403 4399 
1 5 4817 3976 3980 3981 3984 
1 7 5298 3992 5003 5002 4827 4834 4828 
1 7 3753 3752 4143 4253 4652 4653 5498 
1 5 3511 3515 3517 5621 5624 
1 6 5624 5480 3879 3875 3880 3873 
1 6 5498 5502 5504 4249 4250 5110 
1 2 5624 5480 
1 3 5110 4250 4258 
1 6 4828 5028 5032 5029 3586 3576 
1 4 3576 5438 3730 3734 
1 2 3576 5035 
1 4 4828 5028 5038 4559 
1 4 3984 5576 4107 4110 
1 4 3511 5232 5233 3848 
1 3 3848 3844 4290 
1 5 5480 5483 5479 4267 5151 
1 2 5151 4267 
1 6 3734 5440 5442 5439 5549 5548 
1 4 4559 4555 4556 4640 
1 5 3848 3847 5161 5165 5021 
1 3 4640 3792 3796 
1 4 4110 4109 4240 4243 
1 7 5035 5030 5031 5034 5556 5069 5062 
1 7 4243 4239 4611 4321 4322 3631 3636 
1 5 4290 4294 5318 5323 5320 
1 3 3796 3799 4851 
1 3 5021 5027 4194 
1 5 4243 4238 5447 4122 4118 
1 3 5062 5065 3673 
1 3 4243 3683 3678 
1 3 5320 5324 4552 
1 3 3636 3630 4576 
1 6 4118 4120 3722 3721 3909 3910 
1 6 3673 3672 4300 4297 4231 4226 
1 5 4552 3486 3484 3480 4096 
1 8 5548 3707 3709 3704 4602 4604 4909 5093 
1 5 4851 4852 4858 4942 4947 
1 4 4118 4116 4059 4057 
1 3 4947 4943 4712 
1 4 4552 4553 4549 4175 
1 5 3678 4811 4812 4450 4457 
1 5 4226 5192 5195 5196 5191 
1 6 3673 4425 4424 4623 4618 3650 
1 3 4457 5372 5367 
1 5 4096 3774 3777 4277 4278 
1 4 3650 5365 5366 5040 
1 4 5191 5193 5203 3895 
1 8 4576 4575 4577 4427 4439 4430 4429 4442 
1 2 3895 4407 
1 6 4278 4704 3809 3817 3811 3814 
1 3 5040 5364 5362 
1 5 5362 5361 5054 5057 5059 
1 7 3814 3813 4341 4345 4347 4346 4339 
1 5 5367 5373 3667 3668 4369 
1 8 4057 5452 5453 5454 3801 3804 3803 3697 
1 5 3697 3803 4736 4738 4737 
1 4 4369 4013 4011 4010 
1 3 4339 4343 4841 
1 5 3697 3690 3689 3691 3768 
1 4 4339 4340 4510 4512 
1 3 4841 3549 3551 
1 3 3814 5005 5009 
1 4 5362 4042 4998 4995 
1 4 4995 4996 4999 4044 
1 8 3768 3765 3770 3883 4333 5288 5286 5539 
1 2 5539 5305 
1 2 3551 4580 
1 4 3697 3694 5434 5429 
1 8 4580 4589 4587 3867 3869 4026 4023 3949 
1 2 3949 5334 
1 5 3768 3766 3764 3771 5493 
1 5 5305 5308 3859 3566 3916 
1 2 3949 4027 
1 3 3916 5523 5517 
1 7 4737 4740 4734 5133 4326 4330 4325 
1 2 4325 5127 
1 8 4407 4410 4408 5640 5639 5642 5641 4363 
1 5 5009 5690 5686 5664 5656 
1 6 4841 3556 5171 5167 5175 5176 
1 5 4512 4515 4030 4036 4034 
1 3 4363 3853 5463 
1 4 4325 5134 5140 5139 
1 4 5517 5515 5519 4502 
1 3 5656 4926 4932 
1 3 4034 3615 3608 
1 3 3608 4659 4660 
1 4 5493 5491 4951 4960 
1 7 5176 5168 5166 4083 4078 4086 4079 
1 7 5429 4219 4223 4473 4134 4138 5254 
1 5 4034 5647 5662 5652 4759 
1 3 5254 4002 4004 
1 7 4502 4505 4132 4127 4130 4126 4133 
1 4 4004 4003 5681 5680 
1 3 4133 3784 3781 
1 5 4932 3960 5047 5052 5048 
1 4 4932 4936 4933 4594 
1 2 3460 3251 
1 5 4660 3888 3892 3890 4381 
1 7 3460 3415 3416 3256 3259 3347 3342 
1 5 5680 5682 3593 3594 3590 
1 9 5463 5460 5462 4646 5351 5357 5353 5352 5355 
1 8 3251 3189 3472 3470 3471 3284 3278 3280 
1 5 4594 4591 5403 5400 4572 
1 7 4759 4761 4754 4764 4762 4213 4208 
1 8 4133 5245 5244 3742 3741 5594 5590 5591 
1 4 3251 3247 3246 3191 
1 2 3191 3391 
1 4 3342 3338 3165 3163 
1 4 3280 3281 3398 3401 
1 5 4208 4889 4888 4897 4895 
1 5 3191 3246 3244 3153 3156 
1 3 3391 3221 3212 
1 6 4895 4891 4978 4990 4982 4979 
1 9 5745 5827 5825 5785 5783 5776 5778 5780 5774 
1 3 3163 3161 3296 
1 5 3391 3216 3217 3214 3312 
1 4 3156 3263 3362 3363 
1 6 4208 3937 3928 3933 3925 3927 
1 4 3212 3218 3299 3302 
1 5 5745 5827 5825 5828 5784 
1 7 3296 3337 3376 3381 3382 3379 3321 
1 7 5591 5589 4524 3726 3725 3954 3952 
1 4 5774 5833 5832 5723 
1 2 5784 5826 
1 5 3156 3154 3152 3424 3224 
1 2 5826 5718 
1 7 5745 5805 5794 5796 5754 5757 5758 
1 6 3401 3396 3395 3422 3420 3417 
1 4 3927 3489 3500 3491 
1 3 3224 3426 3425 
1 3 3224 3227 3196 
1 3 3321 3380 3372 
1 3 3417 3419 3444 
1 6 3302 3388 3387 3264 3269 3274 
1 5 3196 3199 3197 3198 3352 
1 4 3274 3275 3173 3170 
1 5 3352 3356 3179 3180 3328 
1 2 3444 3408 
1 3 3352 3356 3179 
1 2 3372 3235 
1 4 5758 5788 5787 5792 
1 6 5718 5731 5821 5817 5818 5816 
1 7 3952 3958 3953 3541 3537 3534 3538 
1 3 5816 5763 5765 
1 2 3328 3207 
1 3 5816 5820 5732 
1 18 395 392 31 30 29 613 618 28 34 27 394 33 393 390 396 395 391 388 
1 4 314 649 648 647 
1 20 395 391 388 390 393 33 26 35 2814 2811 2821 2819 2818 1479 1482 1484 1475 1616 1618 1612 
1 4 314 309 2162 2161 
1 4 647 553 2535 2534 
1 7 314 318 320 310 316 718 725 
1 5 395 392 27 34 26 
1 5 1612 1618 1615 1475 1481 
1 6 26 35 2814 2811 2821 2816 
1 5 1612 1611 3088 3090 3085 
1 3 3085 3089 225 
1 4 26 35 615 1068 
1 6 2161 2159 154 936 937 933 
1 3 1068 1072 619 
1 4 725 1740 1741 1746 
1 3 225 227 893 
1 5 2816 2821 2812 2815 2728 
1 2 2728 1635 
1 3 1068 1069 2355 
1 3 1746 1742 765 
1 3 893 895 1494 
1 3 765 762 2422 
1 2 1494 2988 
1 4 1635 1642 1639 2616 
1 4 619 1071 1518 1519 
1 2 1519 2945 
1 3 2422 2419 136 
1 2 2945 3108 
1 4 136 2421 2424 412 
1 5 1635 1629 1985 1983 1984 
1 2 1984 2906 
1 5 2616 2620 1298 1301 1304 
1 4 2906 2905 1317 814 
1 3 1304 70 69 
1 4 814 808 811 1320 
1 6 412 410 1768 1767 1050 1046 
1 2 1046 1440 
1 5 1304 72 664 668 667 
1 3 1440 1436 1569 
1 6 1046 1047 1043 1044 1339 1340 
1 3 1340 1731 1729 
1 5 1320 322 324 1084 1082 
1 6 814 586 585 582 1457 1451 
1 4 1569 1572 870 1276 
1 5 1340 1344 1338 1918 2012 
1 3 2012 1920 1919 
1 5 1451 2823 1781 556 557 
1 2 1919 801 
1 4 1082 1080 1671 1673 
1 4 557 2559 2558 2564 
1 4 1729 1926 164 659 
1 4 1673 1670 2120 2121 
1 4 2121 2694 535 541 
1 2 659 1591 
1 3 1591 1595 3015 
1 3 2121 2119 299 
1 4 541 519 520 522 
1 6 801 802 1621 14 11 17 
1 4 17 13 10 834 
1 3 17 2238 2240 
1 6 3015 3018 3014 3016 2349 2352 
1 5 522 521 931 923 929 
1 3 929 924 1234 
1 4 2240 2241 2998 2997 
1 4 929 1904 1899 1900 
1 5 1234 1235 1231 2790 1194 
1 2 2997 958 
1 4 1900 1901 489 492 
1 4 492 1721 1724 1722 
1 4 1722 3059 3056 2657 
1 11 1722 1726 3058 2395 2398 1809 1091 1088 1089 275 277 
1 4 1722 3058 2395 2398 
1 3 2398 1809 1091 
1 7 2657 2649 2095 2093 2428 2431 2427 
1 5 2427 1539 1541 1537 467 
1 3 1091 1088 981 
1 2 981 547 
1 2 2427 1543 
1 5 467 2847 2848 36 40 
1 10 40 1907 1906 40 39 1326 1914 503 500 506 
1 6 506 494 496 505 493 202 
1 6 547 546 2465 2466 572 573 
1 6 2674 2672 2668 2664 1372 1377 
1 3 2674 332 334 
1 7 2674 2677 2669 2526 2525 2521 2527 
1 5 1377 2530 2529 2532 2531 
1 4 334 335 330 2895 
1 3 2895 2897 1138 
1 3 2895 2894 55 
1 4 1377 2571 2569 2567 
1 4 1138 1854 1856 1857 
1 8 334 331 333 1604 1603 193 189 192 
1 4 192 1288 1286 1120 
1 3 1857 2775 1600 
1 2 192 1284 
1 6 1120 1119 2252 2256 2261 2254 
1 5 1857 1856 1858 1013 1014 
1 6 55 58 1075 1076 1386 1383 
1 4 1120 1118 1117 2634 
1 4 1600 1602 885 887 
1 4 887 890 886 2225 
1 4 2254 3026 3028 3023 
1 3 1014 1535 216 
1 4 1284 1283 2720 2661 
1 7 3023 2333 2444 2440 2441 2446 2442 
1 5 1383 1385 1379 1381 1550 
1 2 2661 2071 
1 4 2634 2638 2628 2031 
1 3 3023 3116 3122 
1 4 887 2303 2304 1879 
1 4 1383 564 563 568 
1 3 216 1408 1406 
1 4 2071 2070 2072 1648 
1 4 1550 1553 1554 710 
1 5 2442 2443 2439 2088 1748 
1 4 3122 1311 2155 2156 
1 4 1550 186 185 1699 
1 5 2031 2030 2029 2280 2283 
1 4 710 599 601 603 
1 5 216 215 213 2049 1865 
1 4 1648 2188 2194 2192 
1 3 2156 2153 1211 
1 3 2283 2279 516 
1 3 1211 2743 2740 
1 3 2192 2023 2021 
1 6 2740 2745 293 282 288 2868 
1 5 516 1847 1843 1848 1844 
1 4 2868 2874 2869 284 
1 4 603 2966 1703 2586 
1 3 2868 2870 1516 
1 5 1699 372 377 373 376 
1 3 2021 1058 1059 
1 5 1865 1869 1328 1334 1335 
1 4 1844 2955 2958 2956 
1 4 1059 878 882 2178 
1 5 516 1847 2483 2490 2484 
1 4 2021 1055 989 996 
1 3 2484 2491 344 
1 4 376 829 820 826 
1 7 1335 1330 1329 625 633 623 629 
1 3 2178 882 883 
1 6 2178 2176 2179 2175 457 454 
1 7 1211 1207 1212 1206 2783 2782 2786 
1 3 2786 2785 919 
1 3 1335 1158 1153 
1 3 344 2486 2605 
1 5 284 2407 2409 2412 2410 
1 2 2605 855 
1 3 2410 2406 2838 
1 3 883 2180 2219 
1 3 2219 1500 1497 
1 4 919 916 1992 1995 
1 5 996 997 995 2325 2321 
1 3 1153 2857 2683 
1 4 629 621 971 972 
1 2 2683 2862 
1 4 454 452 2458 2462 
1 5 1995 2830 2831 2829 669 
1 4 855 856 858 1310 
1 3 1310 1309 2935 
1 5 2935 2932 2931 94 100 
1 7 2683 2681 2685 2804 2803 19 2294 
1 4 2683 2681 1397 1394 
1 4 972 970 125 126 
1 5 2294 1351 1347 1349 1355 
1 5 2462 2460 527 524 1239 
1 4 1394 978 976 1786 
1 2 1239 531 
1 5 1239 1243 1998 6 5 
1 5 2294 2292 2289 2290 693 
1 8 126 127 1125 1128 1129 1821 1659 1656 
1 4 2294 2292 2293 386 
1 3 693 697 2980 
1 4 5 687 686 690 
1 3 531 533 1247 
1 4 1786 1790 3103 2266 
1 3 1247 3044 912 
1 8 2935 2933 274 1826 1827 1828 685 681 
1 3 681 1356 1362 
1 6 690 691 2721 2722 3000 3001 
1 4 1362 1217 1219 1222 
1 6 2980 2983 1947 1943 1944 1937 
1 4 2266 2263 2034 2035 
1 5 912 914 913 736 732 
1 5 1247 3044 3046 758 756 
1 2 756 3043 
1 5 1656 1658 2590 1710 1707 
1 3 1362 1220 786 
1 2 756 1022 
1 4 1022 1024 1020 1174 
1 2 786 1712 
1 5 1707 2400 2174 2169 2173 
1 4 1222 1215 2137 2132 
1 3 1174 1176 1054 
1 3 1707 1709 2099 
1 4 3001 3003 1185 1188 
1 6 1937 1942 144 149 151 147 
1 3 2173 66 64 
1 4 1712 1717 1714 2209 
1 3 3043 1582 175 
1 3 2132 2135 1026 
1 4 2099 2101 2102 2472 
1 3 175 1580 1587 
1 5 732 737 742 733 2773 
1 3 64 66 2065 
1 4 2209 1714 1718 1171 
1 4 1188 1183 1067 1063 
1 4 1188 1187 403 398 
1 7 2035 2039 2038 2916 2917 906 908 
1 3 398 406 581 
1 4 908 2002 2000 2004 
1 4 2773 2767 2703 2708 
1 4 2004 1107 1101 2716 
1 2 2716 1104 
1 4 2209 2757 2758 2760 
1 4 908 904 2687 2688 
1 4 1587 1583 593 596 
1 3 398 2627 2624 
1 2 1104 2433 
1 6 1063 1064 1684 962 967 961 
1 5 2624 2625 2622 3036 3041 
1 5 2760 2758 851 852 850 
1 5 2065 2062 782 780 779 
1 5 2688 2691 2690 355 349 
1 3 850 848 644 
1 4 779 481 480 482 
1 5 1063 1062 2517 2615 2612 
1 3 349 355 1817 
1 4 961 964 2510 2506 
1 6 2688 1391 2272 2274 1094 1093 
1 2 2612 730 
1 3 2506 607 609 
1 16 644 646 1564 638 1565 641 639 642 644 848 2340 2341 1463 1973 1972 1036 
1 2 482 447 
1 7 779 1574 2751 2752 2750 3142 3146 
1 6 3041 1796 1578 1783 2594 845 
1 3 3146 3143 116 
1 3 1093 1100 422 
1 5 609 606 2925 1776 1779 
1 5 1093 1098 235 239 244 
1 3 1779 1776 1420 
1 7 2612 2268 2393 2392 1759 1764 1763 
1 5 1420 1428 1427 3093 1259 
1 5 1779 183 2364 2367 2372 
1 3 1259 1433 1432 
1 3 1259 3098 3097 
1 6 447 450 437 433 431 263 
1 5 1763 1756 43 47 48 
1 3 2372 366 365 
1 3 263 431 438 
1 14 365 366 365 2451 2450 2447 360 362 359 2372 2366 2084 2083 2087 
1 5 2087 2082 1662 943 174 
1 8 263 261 259 268 266 1734 1738 1737 
1 4 174 940 944 941 
1 5 174 171 167 2963 2961 
