1 85 
1 98 
1 113 
1 114 
1 249 
1 261 
1 267 
1 320 
1 358 
1 363 
1 384 
1 476 
1 566 
1 585 
1 633 
1 638 
1 758 
1 789 
1 867 
1 889 
1 911 
1 977 
1 1066 
1 1200 
1 1374 
1 1455 
1 1463 
1 1516 
1 1551 
1 1583 
1 1622 
1 1665 
1 1695 
1 1721 
1 1738 
1 1789 
1 1834 
1 1837 
1 1869 
1 1993 
1 1996 
1 2054 
1 2102 
1 2172 
1 2253 
1 2278 
1 2328 
1 2411 
1 2522 
1 2582 
1 2599 
1 2722 
1 2771 
1 2822 
1 2836 
1 2848 
1 3085 
1 3147 
1 3152 
1 3244 
1 3271 
1 3283 
1 3399 
1 3422 
1 3509 
1 3524 
1 3734 
1 3833 
1 3979 
1 4104 
1 4169 
1 4332 
1 4369 
1 4392 
1 4431 
1 4488 
1 4541 
1 4608 
1 4623 
1 4631 
1 4665 
1 4675 
1 4687 
1 4833 
1 4993 
1 5002 
1 5101 
1 5115 
1 5118 
1 5150 
1 5168 
1 5171 
1 5219 
